,buying_price,maintenance_price,number_of_doors,person_capacity,luggage_boot,safety,acceptability
buying_price,1.0,0.01705697857057768,-0.015301410656072278,-0.019818018989492907,-0.0023686156155172658,0.014595723194241442,-0.27829032850263064
maintenance_price,0.01705697857057768,1.0,0.00028843495847836,-0.015054732191751456,-0.003966085426127848,0.004336625031442011,-0.23445705033781575
number_of_doors,-0.015301410656072278,0.00028843495847836,1.0,0.0007639547004733758,0.022157024041629423,0.012223302971367828,0.08212564034836722
person_capacity,-0.019818018989492907,-0.015054732191751456,0.0007639547004733758,1.0,-0.009907763400148777,-0.0020977699644834226,0.34978984348914716
luggage_boot,-0.0023686156155172658,-0.003966085426127848,0.022157024041629423,-0.009907763400148777,1.0,0.003314637679739019,0.1498849720009051
safety,0.014595723194241442,0.004336625031442011,0.012223302971367828,-0.0020977699644834226,0.003314637679739019,1.0,0.43644313593199163
acceptability,-0.27829032850263064,-0.23445705033781575,0.08212564034836722,0.34978984348914716,0.1498849720009051,0.43644313593199163,1.0
